 v-sweep         v(Vout)        
 0.00000000e+00  1.79999999e+00 
 1.00000000e-02  1.79999999e+00 
 2.00000000e-02  1.79999999e+00 
 3.00000000e-02  1.79999999e+00 
 4.00000000e-02  1.79999999e+00 
 5.00000000e-02  1.79999999e+00 
 6.00000000e-02  1.79999999e+00 
 7.00000000e-02  1.79999999e+00 
 8.00000000e-02  1.79999999e+00 
 9.00000000e-02  1.79999999e+00 
 1.00000000e-01  1.79999999e+00 
 1.10000000e-01  1.79999998e+00 
 1.20000000e-01  1.79999998e+00 
 1.30000000e-01  1.79999998e+00 
 1.40000000e-01  1.79999997e+00 
 1.50000000e-01  1.79999996e+00 
 1.60000000e-01  1.79999995e+00 
 1.70000000e-01  1.79999994e+00 
 1.80000000e-01  1.79999993e+00 
 1.90000000e-01  1.79999991e+00 
 2.00000000e-01  1.79999988e+00 
 2.10000000e-01  1.79999984e+00 
 2.20000000e-01  1.79999980e+00 
 2.30000000e-01  1.79999974e+00 
 2.40000000e-01  1.79999967e+00 
 2.50000000e-01  1.79999957e+00 
 2.60000000e-01  1.79999944e+00 
 2.70000000e-01  1.79999927e+00 
 2.80000000e-01  1.79999906e+00 
 2.90000000e-01  1.79999878e+00 
 3.00000000e-01  1.79999842e+00 
 3.10000000e-01  1.79999794e+00 
 3.20000000e-01  1.79999733e+00 
 3.30000000e-01  1.79999653e+00 
 3.40000000e-01  1.79999549e+00 
 3.50000000e-01  1.79999414e+00 
 3.60000000e-01  1.79999238e+00 
 3.70000000e-01  1.79999010e+00 
 3.80000000e-01  1.79998714e+00 
 3.90000000e-01  1.79998329e+00 
 4.00000000e-01  1.79997829e+00 
 4.10000000e-01  1.79997181e+00 
 4.20000000e-01  1.79996340e+00 
 4.30000000e-01  1.79995250e+00 
 4.40000000e-01  1.79993838e+00 
 4.50000000e-01  1.79992011e+00 
 4.60000000e-01  1.79989647e+00 
 4.70000000e-01  1.79986595e+00 
 4.80000000e-01  1.79982658e+00 
 4.90000000e-01  1.79977585e+00 
 5.00000000e-01  1.79971061e+00 
 5.10000000e-01  1.79962686e+00 
 5.20000000e-01  1.79951954e+00 
 5.30000000e-01  1.79938234e+00 
 5.40000000e-01  1.79920737e+00 
 5.50000000e-01  1.79898483e+00 
 5.60000000e-01  1.79870262e+00 
 5.70000000e-01  1.79834587e+00 
 5.80000000e-01  1.79789645e+00 
 5.90000000e-01  1.79733235e+00 
 6.00000000e-01  1.79662707e+00 
 6.10000000e-01  1.79574886e+00 
 6.20000000e-01  1.79465997e+00 
 6.30000000e-01  1.79331574e+00 
 6.40000000e-01  1.79166371e+00 
 6.50000000e-01  1.78964248e+00 
 6.60000000e-01  1.78718051e+00 
 6.70000000e-01  1.78419467e+00 
 6.80000000e-01  1.78058842e+00 
 6.90000000e-01  1.77624955e+00 
 7.00000000e-01  1.77104708e+00 
 7.10000000e-01  1.76482711e+00 
 7.20000000e-01  1.75740689e+00 
 7.30000000e-01  1.74856611e+00 
 7.40000000e-01  1.73803376e+00 
 7.50000000e-01  1.72546759e+00 
 7.60000000e-01  1.71042023e+00 
 7.70000000e-01  1.69228049e+00 
 7.80000000e-01  1.67016359e+00 
 7.90000000e-01  1.64268541e+00 
 8.00000000e-01  1.60743633e+00 
 8.10000000e-01  1.55956083e+00 
 8.20000000e-01  1.48803013e+00 
 8.30000000e-01  1.38044039e+00 
 8.40000000e-01  1.25504616e+00 
 8.50000000e-01  1.12565930e+00 
 8.60000000e-01  9.95554081e-01 
 8.70000000e-01  8.66450199e-01 
 8.80000000e-01  7.39381966e-01 
 8.90000000e-01  6.15176260e-01 
 9.00000000e-01  4.94826162e-01 
 9.10000000e-01  3.80100197e-01 
 9.20000000e-01  2.75141149e-01 
 9.30000000e-01  1.90973382e-01 
 9.40000000e-01  1.39714251e-01 
 9.50000000e-01  1.11392673e-01 
 9.60000000e-01  9.31572386e-02 
 9.70000000e-01  7.98242208e-02 
 9.80000000e-01  6.93790322e-02 
 9.90000000e-01  6.09301572e-02 
 1.00000000e+00  5.38688212e-02 
 1.01000000e+00  4.78587856e-02 
 1.02000000e+00  4.26746087e-02 
 1.03000000e+00  3.81556848e-02 
 1.04000000e+00  3.41838021e-02 
 1.05000000e+00  3.06693289e-02 
 1.06000000e+00  2.75426237e-02 
 1.07000000e+00  2.47484769e-02 
 1.08000000e+00  2.22423753e-02 
 1.09000000e+00  1.99879097e-02 
 1.10000000e+00  1.79549273e-02 
 1.11000000e+00  1.61181819e-02 
 1.12000000e+00  1.44563298e-02 
 1.13000000e+00  1.29511668e-02 
 1.14000000e+00  1.15870414e-02 
 1.15000000e+00  1.03503946e-02 
 1.16000000e+00  9.22939652e-03 
 1.17000000e+00  8.21365470e-03 
 1.18000000e+00  7.29397753e-03 
 1.19000000e+00  6.46218105e-03 
 1.20000000e+00  5.71092937e-03 
 1.21000000e+00  5.03360215e-03 
 1.22000000e+00  4.42418396e-03 
 1.23000000e+00  3.87717175e-03 
 1.24000000e+00  3.38749747e-03 
 1.25000000e+00  2.95046387e-03 
 1.26000000e+00  2.56169180e-03 
 1.27000000e+00  2.21707776e-03 
 1.28000000e+00  1.91276090e-03 
 1.29000000e+00  1.64509831e-03 
 1.30000000e+00  1.41064803e-03 
 1.31000000e+00  1.20615853e-03 
 1.32000000e+00  1.02856377e-03 
 1.33000000e+00  8.74982413e-04 
 1.34000000e+00  7.42719929e-04 
 1.35000000e+00  6.29272075e-04 
 1.36000000e+00  5.32328460e-04 
 1.37000000e+00  4.49774928e-04 
 1.38000000e+00  3.79693857e-04 
 1.39000000e+00  3.20361735e-04 
 1.40000000e+00  2.70243786e-04 
 1.41000000e+00  2.27985714e-04 
 1.42000000e+00  1.92402941e-04 
 1.43000000e+00  1.62467878e-04 
 1.44000000e+00  1.37295901e-04 
 1.45000000e+00  1.16130677e-04 
 1.46000000e+00  9.83294529e-05 
 1.47000000e+00  8.33488217e-05 
 1.48000000e+00  7.07313315e-05 
 1.49000000e+00  6.00932045e-05 
 1.50000000e+00  5.11133026e-05 
 1.51000000e+00  4.35233873e-05 
 1.52000000e+00  3.70996495e-05 
 1.53000000e+00  3.16554345e-05 
 1.54000000e+00  2.70350579e-05 
 1.55000000e+00  2.31085929e-05 
 1.56000000e+00  1.97675048e-05 
 1.57000000e+00  1.69210149e-05 
 1.58000000e+00  1.44930830e-05 
 1.59000000e+00  1.24199093e-05 
 1.60000000e+00  1.06478715e-05 
 1.61000000e+00  9.13182013e-06 
 1.62000000e+00  7.83367168e-06 
 1.63000000e+00  6.72124627e-06 
 1.64000000e+00  5.76730598e-06 
 1.65000000e+00  4.94875837e-06 
 1.66000000e+00  4.24599543e-06 
 1.67000000e+00  3.64234378e-06 
 1.68000000e+00  3.12360657e-06 
 1.69000000e+00  2.67768070e-06 
 1.70000000e+00  2.29423641e-06 
 1.71000000e+00  1.96444837e-06 
 1.72000000e+00  1.68076954e-06 
 1.73000000e+00  1.43674052e-06 
 1.74000000e+00  1.22682852e-06 
 1.75000000e+00  1.04629108e-06 
 1.76000000e+00  8.91060414e-07 
 1.77000000e+00  7.57645200e-07 
 1.78000000e+00  6.43046908e-07 
 1.79000000e+00  5.44688448e-07 
 1.80000000e+00  4.60353207e-07 
